10
100
1002
1004
1007
10071
1008
1010
1011
1012
1013
1014
1024
1025
1026
1030
1031
1032
10324
10326
1033
1039
104
1042
1043
10431
1044
1045
10457
1046
1047
1048
105
1050
1052
1053
1057
1058
10592
10598
1065
10652
10655
1066
1070
1072
1073
1074
1078
1080
1081
1085
1087
1088
1089
1090
1093
1095
1096
10963
110
1103
1107
1108
1112
1113
1116
11183
112
11218
1122
1123
1127
1130
1131
1133
1134
1135
1136
1138
1140
1141
1143
1144
1145
1146
1149
11495
11508
1152
1155
11566
11568
1157
1158
1159
11607
1161
11610
11629
1164
1165
11726
1173
1175
1176
11763
1177
1178
1180
11804
1181
11846
1187
1188
11880
1191
1192
1194
1195
1197
11973
120
1201
1202
1203
12048
1205
1206
1208
1210
12120
1214
1216
1217
1218
1219
1220
12209
12224
1224
12242
12277
1229
1232
1233
1234
1235
1237
1238
1239
1240
12402
1245
1247
125
1251
1252
1255
12556
1256
1257
12574
1258
126
1260
1261
1263
1264
1265
12673
12676
12682
1269
127
1271
1274
12751
12752
12760
12761
1277
1280
1281
1282
12859
1288
129
1290
12923
12946
1295
1299
1300
13001
13009
1301
1302
1303
1304
1305
1307
1309
131
1312
1313
13167
1317
1318
132
1322
1324
1326
13263
1327
133
1331
13320
13348
1335
1336
1337
1338
1339
134
1340
13404
13415
1344
1346
13476
1350
13502
1351
1352
1354
1356
13569
1358
1359
13597
136
1360
1361
1362
1365
1368
13681
1369
1370
1372
1375
1376
13767
1379
1380
1382
1383
13830
13837
1384
1385
1389
139
1392
1393
1395
13955
1398
140
1400
1403
14053
1407
1411
1412
14146
1415
1416
1417
14170
1418
14185
1419
142
14224
1424
14243
1428
14281
1429
14324
1434
14356
1436
14366
1437
14381
1439
14411
1444
14443
1447
14480
1449
145
1450
1452
1456
1457
146
1464
14643
14660
14668
14669
1467
1468
1472
1474
1476
1479
148
14804
14813
1483
1485
1486
149
1491
1496
1497
150
1501
1504
1509
1511
1513
1515
1517
15172
1518
152
1520
1521
15221
1524
1528
1529
15291
153
1531
1533
1535
1538
154
1540
1542
1551
1552
1554
1555
1556
1557
1559
1560
1561
1563
1566
1567
1572
1576
1578
1581
1584
1585
1586
1588
159
1590
1591
1592
1596
1598
1610
1611
1616
1617
1621
1626
1628
1630
1631
1634
1638
164
1648
165
1650
1655
1658
1660
1662
1663
1665
1669
1673
1677
1684
1686
169
170
1700
1701
1703
1708
1711
1712
1716
1719
1727
1731
1732
1736
1737
174
1740
1741
1742
1746
1751
1753
1756
1757
1759
176
1761
1762
1763
1764
1765
1766
1767
1769
177
1771
1772
1774
1777
1778
1779
178
1780
1781
1784
1785
1786
1787
179
1791
1797
180
1803
1805
1807
1808
1809
181
1810
1812
1813
1814
1815
1818
1819
1822
1823
1830
1835
1839
1841
1842
185
1853
1854
186
1861
1863
1864
1867
1873
1874
188
1881
1895
1903
1906
1912
1913
192
1924
1925
1931
1932
1933
1934
1935
1937
1939
1941
195
1950
1951
1952
1955
1956
1958
1959
196
1960
1965
1968
1970
1972
1977
1979
1981
1983
1985
1987
1991
1999
2
2000
2002
2003
2006
201
2012
2016
202
2027
2029
203
2031
2033
2034
2038
2041
2043
2045
2047
205
2052
2053
2055
2058
2061
2063
2065
2066
207
2073
2077
2078
2079
208
2088
2089
2091
2093
2094
2097
21
2100
2102
2103
2106
2107
211
2110
2112
2113
2117
2119
2123
2128
2132
2133
2137
214
2140
2142
215
2153
2155
2156
2157
2158
216
2160
2162
2163
2164
2165
2167
2169
2176
2178
2181
2183
2188
219
2196
2197
2198
2199
2201
2204
2205
2209
221
2212
2214
2216
2219
222
2221
2225
2228
2229
223
2230
2232
2233
2236
2238
2241
2254
2257
2258
2260
2263
2265
2266
2267
2270
2281
2282
2284
2289
229
2297
230
2300
2308
2313
2318
2321
2322
2326
2327
233
2331
2335
2337
234
2342
2343
235
2353
2357
2358
236
2361
2362
2365
2366
2367
2369
237
2379
238
2380
2384
2385
2394
2400
2401
2403
2404
241
2410
2412
2414
242
2420
2424
2427
2428
2429
2431
2432
2433
2434
2435
2437
244
2440
2441
2449
2450
2451
2456
2457
2459
246
2462
2463
2466
2467
247
2473
2474
2478
2485
2487
249
2490
2491
2498
250
2502
2504
2506
2509
251
2513
2523
2524
2526
2528
2529
253
254
2545
2547
255
2553
2554
2557
256
2560
2561
2564
257
2572
2573
2576
2577
2579
2585
2586
259
2590
2591
2599
2600
2603
261
2616
2617
2618
2619
262
2628
263
2631
2635
264
2644
2648
265
2652
2653
2655
2657
2660
2666
2667
2668
2669
2672
268
2681
2682
2683
2687
2689
269
2692
2696
2697
270
2704
2709
2711
2725
2729
2730
2732
2733
274
2743
2744
2746
2747
275
2752
2756
2757
276
2762
2767
2774
2775
2788
2791
2793
2799
280
2801
2802
2805
2811
2812
2814
2816
2819
2827
283
2840
2847
2848
285
2852
2854
2858
286
2866
287
2872
2879
288
2882
2883
2886
2887
289
290
2903
2904
2908
291
2919
292
2920
2928
293
2930
2937
2938
294
2940
2942
2946
2948
2952
2954
2955
296
2961
2970
2977
298
2982
2984
2990
2999
300
301
3016
3018
302
3021
3025
3029
303
3031
3037
3039
3047
3048
3058
306
3068
3069
307
3071
3077
3079
3085
3097
31
310
3102
3103
311
3110
3116
312
3121
3122
3126
3129
313
314
3140
3141
3142
3149
3150
3151
3153
316
3160
3161
3162
317
318
3185
319
3190
321
322
323
3230
3234
3235
3238
324
3243
3250
3251
3252
3258
3259
326
3260
327
3271
3280
3286
3287
3291
3296
3298
331
3310
3316
3321
3323
3325
3328
3329
333
3331
3336
3349
335
3353
3359
3361
3378
3379
3384
3386
3393
3396
340
3404
3405
3410
3413
3416
3418
3420
3422
3425
3428
3430
3432
3433
3445
3448
345
3450
3453
3460
3461
3462
3464
347
3472
3474
3476
3478
348
3488
3494
350
3500
3501
3502
3507
3514
352
3529
3533
3536
354
3543
3544
3547
355
3557
3559
3560
3565
3574
3576
3585
359
3591
3596
3598
36
360
3605
3606
3610
3611
3614
362
3620
3632
3633
3639
3640
3642
3648
365
3655
3658
366
3667
3668
3669
367
3671
3672
3680
3686
3688
3689
3691
3697
37
3703
3706
3708
371
3714
3719
372
3726
3729
373
3735
3738
374
3743
3746
375
3754
3762
377
3779
3784
3786
3790
3796
3798
38
380
3805
3809
3815
3816
382
3821
3829
3830
3833
3836
384
3848
385
3854
3856
3867
3869
3874
3883
3885
389
3891
3893
3901
3906
3907
3908
391
3913
3914
3918
3919
392
3921
3927
393
394
3943
3952
3958
396
3960
3968
3975
3977
3979
398
3982
3987
3988
399
3993
3996
3997
3999
4003
4006
401
4016
4018
402
4021
4025
4032
4039
404
4040
4041
4043
4047
405
4059
4060
4062
4066
407
4071
408
4083
4084
4087
4095
4098
410
4102
411
4116
412
4122
413
4136
4137
4142
4144
4147
415
4150
4153
4156
416
4162
4165
417
4186
4194
42
420
4203
4209
4212
4214
422
4220
424
4241
4245
4252
4253
4255
426
4267
4280
429
4296
4324
4326
4327
433
4332
4335
4338
434
4342
4344
435
4354
4358
4360
4362
4363
437
4370
4372
4373
4376
4382
4386
4390
4393
4396
440
4401
4403
4405
4408
4412
4415
4420
443
4436
4445
445
4452
446
4460
4465
4467
4475
448
4480
4485
449
450
4506
4510
4513
4515
452
4520
4521
4527
4536
454
4542
4546
4547
455
4556
4558
456
4565
457
4572
4583
4589
4590
4594
4596
4597
4598
4599
4611
4622
4631
4632
464
4641
4650
4651
4663
4675
4676
468
4681
4685
4686
469
4693
4694
4698
47
470
4702
4719
4726
4729
4733
4736
4738
4744
4747
475
4752
4754
476
4761
4771
4786
4787
4803
4817
482
4821
4826
483
4831
4832
4835
4837
484
4842
4848
4849
4851
4862
4879
4880
4882
4883
4884
4893
490
4903
4910
4914
4922
4926
493
4943
4958
4965
4967
4969
4980
4987
4989
499
5001
5002
5006
5016
5017
5022
5029
5039
504
5040
5050
5052
5053
5056
5059
5065
5066
5067
5075
5079
5082
5088
509
5096
5097
511
5112
512
513
5137
514
515
516
518
5185
5188
5189
5199
5202
521
5212
5219
522
5228
523
5240
5251
5260
5261
5262
5270
5276
528
5288
529
531
5320
5333
5335
5339
534
5346
535
5352
5366
5373
5381
5397
540
5402
5412
5420
5428
543
5432
5434
5441
5442
5456
546
5469
5475
5476
548
549
5491
550
552
5522
553
554
555
5550
556
5562
5590
560
5605
5621
5637
5652
568
5681
5682
5688
5699
5723
573
5736
574
5741
5751
5764
578
5803
5805
581
5810
5817
582
5823
5825
583
5830
5847
585
587
5875
5877
588
5880
5883
5898
590
5904
591
5912
5917
5918
592
5924
5927
5934
5948
5949
597
598
5987
6008
6038
6049
605
6051
6056
6061
6066
6068
607
6089
609
6092
6102
6108
612
6123
6124
6127
613
6146
615
6154
6157
616
617
618
6186
619
6196
62
6203
621
6219
6220
6228
6230
624
6247
6253
626
6292
6298
63
6311
6330
6336
635
6353
636
6369
637
638
6384
6385
6391
6392
6397
64
6406
6411
6418
6429
644
646
6462
647
6471
6479
6496
651
6519
652
6524
6529
653
6539
6544
655
656
6566
6569
6573
6580
659
6590
6593
6595
6599
6609
662
6621
6640
6641
6649
665
6650
666
6664
667
6674
6677
668
669
670
6705
6712
6717
672
6720
673
674
6749
675
6757
676
6761
677
6774
6783
679
6790
6810
6818
6820
6821
6823
6827
6837
684
685
6851
6855
6856
6860
6865
6872
6877
6878
6879
688
6880
6881
6891
69
6902
6906
691
692
693
694
6968
697
698
70
700
701
7013
702
7020
7031
7039
705
7079
708
71
710
7109
711
7123
713
7137
714
715
7150
717
7186
719
7196
720
721
723
7243
7247
7249
725
726
7260
727
7274
7275
7289
729
7297
7302
7305
731
732
733
734
735
7352
7358
736
737
7371
7375
7378
74
741
745
7450
747
748
7484
750
7503
7506
751
7513
756
757
758
760
762
7626
763
7638
765
767
768
769
770
771
772
774
778
781
7824
784
785
788
790
791
7913
793
794
7945
795
7954
7955
796
798
7987
7990
801
8010
8032
8035
804
806
8062
807
8073
8085
8086
809
810
8107
8119
813
8139
814
8150
817
818
819
82
820
8201
821
8248
825
826
828
829
832
837
8382
84
842
844
845
846
8467
847
848
849
851
8515
8519
852
853
855
856
857
8578
858
859
861
8625
863
8636
8641
865
867
868
87
870
8709
871
8716
872
873
875
876
877
8771
878
879
882
883
8836
884
888
8882
889
890
8912
892
893
8948
896
8963
8967
8974
899
900
901
9012
9027
903
9030
9048
9049
905
906
9069
907
908
9081
909
91
911
912
9121
913
9138
914
9156
916
9169
917
919
9194
9196
92
920
9222
923
925
927
929
930
931
932
933
934
937
939
943
9457
946
947
948
950
951
952
9523
953
956
957
9596
960
961
9618
962
964
965
966
9680
9682
9694
970
975
976
979
98
980
982
984
986
988
989
9905
992
995
996
997
998
999
